selected_k=160
 seed role   k     rmse      mae       r2  log_rmse  log_mae   log_r2     pbias    n
   42  val  20 3.311255 1.861197 0.487788  0.374656 0.278596 0.625585 13.887263 1342
   42  val  40 3.343203 1.858829 0.477857  0.378492 0.281443 0.617878 15.223723 1342
   42  val  80 3.302653 1.844521 0.490446  0.375530 0.280173 0.623837 14.870357 1342
   42  val 160 3.294141 1.833974 0.493069  0.373847 0.277194 0.627199 13.878313 1342
   42 test  20 4.932163 2.341122 0.533302  0.359979 0.253630 0.641212 10.136355 2531
   42 test  40 5.196574 2.419019 0.481922  0.368495 0.258295 0.624036  9.764562 2531
   42 test  80 5.291694 2.458474 0.462782  0.372809 0.264737 0.615182  9.759867 2531
   42 test 160 5.395486 2.516357 0.441501  0.380917 0.269864 0.598261  9.730514 2531
   43  val  20 3.315164 1.862519 0.486578  0.376523 0.279333 0.621843 13.936345 1342
   43  val  40 3.336725 1.864621 0.479878  0.379061 0.283337 0.616729 14.977243 1342
   43  val  80 3.294053 1.851031 0.493096  0.378718 0.282846 0.617421 14.952760 1342
   43  val 160 3.287615 1.819344 0.495076  0.371820 0.274047 0.631232 13.536092 1342
   43 test  20 4.881650 2.331172 0.542812  0.358137 0.253002 0.644874  9.003959 2531
   43 test  40 5.273185 2.468244 0.466533  0.373155 0.264280 0.614466  9.530195 2531
   43 test  80 5.386389 2.509098 0.443383  0.380826 0.269530 0.598452  9.672902 2531
   43 test 160 5.408400 2.495311 0.438824  0.377586 0.266299 0.605255 10.574670 2531
   44  val  20 3.326856 1.867059 0.482950  0.375239 0.278445 0.624418 14.476862 1342
   44  val  40 3.348706 1.861030 0.476136  0.377099 0.281568 0.620686 15.841403 1342
   44  val  80 3.269713 1.820839 0.500560  0.374263 0.278091 0.626369 14.701047 1342
   44  val 160 3.288870 1.826411 0.494690  0.374405 0.277011 0.626086 13.417206 1342
   44 test  20 4.866373 2.309042 0.545669  0.355553 0.249808 0.649981  8.911033 2531
   44 test  40 5.265965 2.446946 0.467993  0.370599 0.261259 0.619729  9.766541 2531
   44 test  80 5.353869 2.490411 0.450084  0.377434 0.267504 0.605574  9.465197 2531
   44 test 160 5.411379 2.512427 0.438206  0.380750 0.268593 0.598613 10.176306 2531
